area_effect_cloud	Radius,5000,Radius
interaction		width/2,height,width/2
slime			2550*(Size+1),5100*(Size+1),2550*(Size+1)
magma_cube		2550*(Size+1),5202*(Size+1),2550*(Size+1)
phantom			4500+1000*Size,5000+1000*Size,4500+1000*Size
armor_stand		2500,19750,2500		(Small:1b)1250,9875,1250	(Marker:1b)0,0,0
glow_item_frame		exception
item_frame		exception
painting		exception
shulker			exception
player			exception
pufferfish		exception

rabbit			2000,5000,2000		1000,2500,1000
cls1			3000,7000,3000		1500,3500,1500
bee			3000,7000,3000		1750,3000,1750
wolf			3000,8500,3000		1500,4250,1500
cls2			3000,19500,3000		1500,9750,1500
chicken			4000,7000,4000		2000,3500,2000
pig			4500,9000,4500		2250,4500,2250
sheep			4500,13000,4500		2250,6500,2250
cls3			4500,14000,4500		2250,7000,2250
llama			4500,18700,4500		2250,9350,2250
turtle			6000,4000,6000		1800,1200,1800
goat			6500,9000,6500		3250,2250,3250
panda			6500,12500,6500		3250,6250,3250
hoglin			6982,14000,6982		3491,7000,3491
donkey			6982,15000,6982		3491,7500,3491
cls4			6982,16000,6982		3491,8000,3491
zoglin			7000,14000,7000		2125,4250,2125
polar_bear		7000,14000,7000		3500,7000,3500
camel			8500,23750,8500		4250,11875,4250
sniffer			9500,17500,9500		4275,7875,4275

cls5			0,0,0
cls6			1250,2500,1250
cls7			1562,3125,1562
leash_knot		1875,5000,1875
cls8			2000,3000,2000
salmon			2000,7000,2000
vex			2000,8000,2000
cod			2500,3000,2500
tropical_fish		2500,4000,2500
frog			2500,5500,2500
evoker_fangs		2500,8000,2500
cls9			2500,9000,2500
cls10			2500,5000,2500
allay			3000,6000,3000
creeper			3000,17000,3000
blaze			3000,18000,3000
cls11			3000,19500,3000
cls12			3000,19900,3000
enderman		3000,29000,3000
snow_golem		3500,19000,3500
wither_skeleton		3500,24000,3500

cave_spider		3500,5000,3500
axolotl			3750,4200,3750
cls13			4000,8000,4000
guardian		4250,8500,4250
dolphin			4500,6000,4500
strider			4500,17000,4500
trader_llama		4500,18700,4500
warden			4500,29000,4500
wither			4500,35000,4500
cls14			4900,7000,4900
cls15			5000,10000,5000
cls16			6875,5625,6875
spider			7000,9000,7000
iron_golem		7000,27000,7000
ravager			9750,22000,9750
elder_guardian		9987,19975,9987
end_crystal		10000,20000,10000
giant			18000,120000,18000
ghast			20000,40000,20000
ender_dragon		80000,80000,80000